1|48|M|5200
2|14|M|41600
3|17|M|29013
4|39|M|5200
5|40|F|28015
6|30|M|41600
7|36|M|28013
8|38|F|29009
9|17|F|29013
10|32|F|41600
11|18|F|17009
12|10|F|28015
13|41|M|41020
14|40|M|41600
15|37|F|41019
16|32|M|29013
17|46|F|47210
18|35|F|47210
19|11|M|41019
20|28|M|5223
21|14|F|28013
22|45|M|28015
23|21|M|17009
24|13|F|28013
25|49|M|47210
26|19|M|41020
27|46|F|47207
28|40|M|28015
29|27|F|28015
30|47|M|41019
31|21|M|47210
32|43|M|28013
33|39|F|47210
34|23|F|28013
35|34|F|41600
36|35|F|5223
37|27|F|5200
38|18|M|47210
39|13|M|41600
40|46|M|41600
41|46|F|47207
42|13|F|47207
43|36|M|29009
44|48|M|28013
45|15|M|28013
46|32|M|29035
47|32|M|28013
48|41|M|47210
49|11|M|47210
50|18|F|29035
51|23|M|47207
52|19|F|5223
53|19|M|41019
54|16|F|47207
55|28|F|41600
56|42|M|29009
57|48|M|5223
58|25|M|29035
59|12|M|41020
60|28|M|41020
61|33|M|41019
62|11|F|41019
63|26|M|28013
64|44|F|41019
65|19|F|47207
66|47|F|28013
67|28|M|41020
68|40|M|41600
69|47|F|17009
70|43|F|47210
71|19|F|28013
72|39|M|5200
73|15|F|5223
74|32|M|47210
75|32|M|17009
76|40|F|47207
77|36|M|41600
78|48|F|47207
79|33|F|17009
80|15|F|29013
81|21|M|5223
82|40|M|28013
83|44|M|41600
84|41|M|29035
85|42|F|28015
86|14|M|41600
87|38|M|47210
88|32|F|28013
89|46|M|28013
90|25|M|29009
91|24|M|41600
92|30|M|41019
93|36|F|5200
94|43|F|28013
95|28|F|47210
96|29|F|28015
97|43|M|5223
98|20|M|29035
99|22|M|29013
100|24|M|41019
101|44|M|28015
102|44|M|29035
103|14|F|28013
104|31|M|47207
105|24|F|28013
106|49|F|29009
107|43|F|5200
108|11|F|5223
109|19|M|41019
110|25|F|5223
111|17|F|29009
112|24|F|28015
113|14|F|29035
114|32|F|41600
115|47|F|47210
116|12|M|5223
117|19|M|17009
118|14|F|29013
119|28|M|41019
120|43|F|47210
121|47|M|5200
122|34|M|41600
123|35|F|28013
124|23|M|47210
125|24|F|28015
126|42|M|29013
127|13|F|28015
128|40|M|41600
129|19|M|29009
130|14|M|47207
131|25|F|5200
132|37|F|28013
133|47|M|5223
134|47|M|28013
135|26|M|28013
136|29|M|41019
137|45|M|47210
138|37|M|28013
139|36|M|28013
140|45|F|5223
141|42|F|41020
142|36|F|28015
143|42|M|28013
144|26|F|47210
145|14|F|29009
146|20|M|29035
147|26|F|47210
148|12|F|47207
149|47|M|29013
150|35|M|29013
