1|1|46|2015-01-25|7
2|1|34|2019-02-01|3
3|1|8|2018-03-08|5
4|1|18|2019-04-18|2
5|1|7|2018-12-02|5
6|1|28|2016-05-04|4
7|1|11|2018-07-04|1
8|1|40|2015-10-09|8
9|1|6|2019-10-16|3
10|1|18|2018-10-22|8
11|1|39|2016-05-05|1
12|1|5|2018-09-29|5
13|1|31|2019-06-11|7
14|1|31|2015-03-20|8
15|1|42|2019-03-24|5
16|1|41|2016-12-11|2
17|1|35|2018-04-06|2
18|1|22|2018-11-29|6
19|1|15|2017-08-15|0
20|1|25|2018-10-03|0
21|2|44|2015-10-23|3
22|2|30|2015-03-02|6
23|2|34|2019-12-23|7
24|2|15|2019-03-20|6
25|2|36|2018-07-09|6
26|2|12|2019-08-23|1
27|2|12|2017-11-15|9
28|2|49|2018-06-06|10
29|2|1|2018-03-18|8
30|2|10|2017-10-07|4
31|2|49|2016-02-07|10
32|2|31|2018-11-14|6
33|2|48|2017-02-15|10
34|2|10|2015-03-11|6
35|2|2|2019-10-24|4
36|2|42|2015-10-17|1
37|2|47|2016-10-03|3
38|2|4|2019-10-22|3
39|2|9|2018-05-21|1
40|2|47|2017-05-15|9
41|3|30|2019-02-01|9
42|3|38|2016-04-01|7
43|3|35|2020-01-10|1
44|3|7|2016-07-18|9
45|3|33|2018-06-04|9
46|3|12|2017-01-21|6
47|3|49|2016-12-09|7
48|3|27|2019-12-09|1
49|3|42|2018-07-17|8
50|3|2|2018-06-18|4
51|3|39|2019-02-25|5
52|3|5|2019-02-02|3
53|3|46|2019-02-18|8
54|3|3|2015-01-24|2
55|3|20|2017-08-18|10
56|3|35|2018-04-08|0
57|3|41|2016-10-22|3
58|3|22|2018-05-16|6
59|3|20|2017-05-28|2
60|3|21|2017-11-08|6
61|4|28|2019-10-08|10
62|4|43|2018-12-22|4
63|4|36|2019-11-10|3
64|4|43|2015-03-22|5
65|4|3|2018-12-22|8
66|4|47|2016-12-22|4
67|4|46|2016-03-30|1
68|4|33|2016-06-07|10
69|4|13|2016-07-13|5
70|4|28|2019-01-06|9
71|4|40|2017-11-16|8
72|4|13|2019-10-05|0
73|4|37|2016-06-07|0
74|4|6|2016-06-28|6
75|4|5|2018-05-25|5
76|4|49|2015-08-21|2
77|4|16|2016-12-18|7
78|4|8|2018-11-17|5
79|4|10|2015-05-04|0
80|4|47|2018-05-13|6
81|5|22|2018-11-17|4
82|5|46|2019-11-21|1
83|5|13|2017-02-11|5
84|5|15|2017-01-16|4
85|5|9|2018-08-09|6
86|5|36|2016-07-09|0
87|5|44|2016-03-21|8
88|5|47|2016-07-10|8
89|5|33|2016-06-27|10
90|5|46|2017-02-06|8
91|5|47|2015-08-13|7
92|5|16|2019-11-06|8
93|5|11|2017-05-31|7
94|5|36|2017-12-23|1
95|5|7|2019-04-18|10
96|5|2|2017-12-17|4
97|5|43|2018-10-09|10
98|5|12|2015-02-12|10
99|5|47|2019-09-14|10
100|5|49|2018-04-18|9
101|6|1|2017-10-26|8
102|6|40|2016-08-18|8
103|6|24|2019-08-10|7
104|6|38|2016-09-06|0
105|6|47|2019-04-22|0
106|6|41|2018-11-20|5
107|6|34|2019-05-12|7
108|6|5|2019-01-22|3
109|6|1|2015-03-24|8
110|6|4|2015-01-13|7
111|6|35|2015-10-15|5
112|6|12|2015-11-16|3
113|6|40|2017-09-27|4
114|6|34|2020-01-19|1
115|6|33|2017-06-30|5
116|6|28|2015-09-12|8
117|6|39|2019-01-30|8
118|6|7|2019-10-08|7
119|6|45|2017-10-17|0
120|6|48|2018-10-21|1
121|7|24|2019-02-02|2
122|7|49|2018-12-30|3
123|7|2|2019-05-06|5
124|7|25|2016-06-01|4
125|7|34|2017-10-06|1
126|7|1|2017-01-06|2
127|7|11|2017-12-27|4
128|7|15|2015-06-25|7
129|7|15|2019-06-26|2
130|7|46|2015-11-06|6
131|7|37|2018-06-22|6
132|7|18|2017-01-07|5
133|7|8|2019-02-13|1
134|7|26|2018-08-09|6
135|7|18|2019-10-04|0
136|7|39|2015-10-27|10
137|7|23|2016-10-03|5
138|7|44|2017-04-06|5
139|7|40|2017-08-15|6
140|7|16|2016-02-21|6
141|8|47|2017-10-06|2
142|8|29|2015-01-26|7
143|8|24|2017-05-16|8
144|8|37|2019-12-18|0
145|8|29|2017-05-03|3
146|8|15|2018-09-01|6
147|8|10|2019-03-17|2
148|8|28|2015-10-15|7
149|8|44|2016-06-16|6
150|8|44|2015-09-30|10
151|8|42|2017-01-14|5
152|8|31|2019-01-30|5
153|8|32|2015-06-05|3
154|8|27|2019-10-07|4
155|8|17|2018-07-19|6
156|8|13|2018-04-10|10
157|8|35|2019-03-16|3
158|8|38|2016-04-11|9
159|8|20|2019-07-21|5
160|8|45|2015-06-24|4
161|9|48|2019-03-19|2
162|9|36|2017-11-13|3
163|9|36|2019-05-19|1
164|9|45|2016-03-29|3
165|9|6|2015-06-07|6
166|9|33|2015-01-14|0
167|9|21|2016-05-26|8
168|9|42|2015-08-09|1
169|9|18|2019-05-17|9
170|9|19|2016-04-21|0
171|9|25|2019-06-09|6
172|9|8|2018-12-10|7
173|9|26|2015-02-19|2
174|9|44|2018-09-04|3
175|9|24|2018-06-11|0
176|9|11|2015-02-25|8
177|9|29|2019-04-07|6
178|9|1|2019-08-06|10
179|9|11|2015-10-14|5
180|9|41|2019-05-10|5
181|10|7|2019-12-22|0
182|10|11|2015-04-05|0
183|10|20|2016-10-17|9
184|10|7|2017-01-16|2
185|10|6|2017-10-07|8
186|10|31|2019-05-24|0
187|10|15|2016-03-05|6
188|10|10|2016-01-20|0
189|10|24|2018-06-24|8
190|10|13|2017-10-18|7
191|10|49|2017-03-02|3
192|10|24|2019-05-28|2
193|10|39|2017-12-17|9
194|10|26|2016-11-16|10
195|10|47|2017-07-26|3
196|10|8|2018-08-26|8
197|10|32|2019-04-21|7
198|10|35|2018-08-06|7
199|10|10|2016-02-20|5
200|10|18|2018-09-20|4
201|11|27|2018-12-23|9
202|11|6|2015-06-05|1
203|11|5|2015-11-07|2
204|11|28|2017-03-17|4
205|11|16|2015-03-18|6
206|11|8|2017-10-16|10
207|11|36|2016-09-17|1
208|11|6|2018-09-18|5
209|11|34|2019-01-10|3
210|11|41|2019-07-02|6
211|11|35|2019-06-05|0
212|11|34|2019-11-07|0
213|11|40|2016-06-14|7
214|11|43|2017-07-26|10
215|11|16|2016-08-27|6
216|11|25|2015-06-09|6
217|11|4|2017-01-15|0
218|11|11|2018-03-30|1
219|11|9|2018-09-16|1
220|11|37|2018-05-20|4
221|12|49|2018-01-03|6
222|12|25|2016-04-16|10
223|12|12|2016-05-06|7
224|12|4|2015-12-05|7
225|12|45|2016-09-11|1
226|12|7|2017-01-15|3
227|12|12|2018-12-21|8
228|12|7|2019-07-02|2
229|12|33|2018-06-15|1
230|12|46|2017-10-13|5
231|12|29|2016-10-04|6
232|12|27|2016-12-12|10
233|12|10|2016-09-11|5
234|12|42|2018-06-24|0
235|12|18|2015-05-01|6
236|12|15|2015-12-02|6
237|12|23|2016-10-28|0
238|12|5|2019-04-20|8
239|12|17|2016-01-22|0
240|12|15|2017-10-04|1
241|13|37|2019-12-08|5
242|13|14|2019-09-25|10
243|13|36|2016-06-25|7
244|13|22|2018-09-25|8
245|13|41|2015-06-18|4
246|13|46|2017-11-15|8
247|13|9|2016-04-28|1
248|13|47|2019-02-07|8
249|13|4|2017-04-04|9
250|13|22|2017-06-27|3
251|13|5|2017-03-31|10
252|13|23|2018-11-09|2
253|13|6|2018-03-03|9
254|13|9|2019-03-03|6
255|13|3|2015-07-01|4
256|13|36|2015-11-30|10
257|13|26|2016-12-09|4
258|13|38|2015-07-28|10
259|13|41|2015-03-29|4
260|13|15|2016-07-18|5
261|14|21|2018-12-03|4
262|14|10|2018-09-24|0
263|14|28|2016-08-18|10
264|14|45|2018-05-25|2
265|14|11|2015-12-28|3
266|14|25|2017-02-10|6
267|14|1|2016-05-23|9
268|14|46|2019-08-04|8
269|14|37|2016-02-09|3
270|14|10|2017-06-08|5
271|14|12|2019-08-10|3
272|14|16|2017-05-29|8
273|14|32|2016-10-19|1
274|14|30|2015-02-04|7
275|14|45|2018-11-18|9
276|14|21|2018-03-07|2
277|14|32|2015-09-16|5
278|14|2|2017-07-09|0
279|14|28|2019-09-13|2
280|14|20|2015-10-21|8
281|15|32|2019-05-31|5
282|15|35|2018-04-08|9
283|15|36|2016-06-29|8
284|15|36|2016-04-30|7
285|15|37|2018-09-17|3
286|15|32|2015-01-03|8
287|15|23|2018-08-17|2
288|15|8|2017-12-06|5
289|15|33|2018-07-05|4
290|15|19|2015-01-03|5
291|15|2|2019-10-29|0
292|15|11|2018-02-11|2
293|15|21|2017-12-22|8
294|15|41|2015-03-09|3
295|15|34|2018-10-16|10
296|15|4|2015-01-08|2
297|15|10|2015-01-21|9
298|15|21|2015-02-02|4
299|15|24|2018-10-09|1
300|15|20|2017-06-09|3
301|16|23|2019-06-05|6
302|16|18|2017-03-07|2
303|16|24|2016-03-28|3
304|16|19|2017-05-23|9
305|16|34|2015-12-14|1
306|16|42|2015-01-27|9
307|16|32|2016-09-27|9
308|16|35|2015-08-07|3
309|16|4|2017-05-02|2
310|16|4|2015-10-16|6
311|16|36|2017-09-20|1
312|16|14|2018-07-12|9
313|16|11|2016-11-25|9
314|16|9|2017-12-06|3
315|16|42|2019-05-02|9
316|16|8|2015-12-02|10
317|16|34|2015-06-19|9
318|16|37|2016-06-27|3
319|16|25|2016-11-28|0
320|16|43|2015-07-03|9
321|17|17|2019-12-03|8
322|17|31|2019-12-29|0
323|17|48|2015-02-02|6
324|17|2|2019-02-17|7
325|17|3|2016-10-05|7
326|17|11|2018-11-19|7
327|17|40|2017-05-10|0
328|17|16|2016-10-15|10
329|17|37|2018-08-13|1
330|17|40|2018-06-17|6
331|17|16|2016-02-09|1
332|17|14|2019-04-24|4
333|17|18|2015-12-13|1
334|17|11|2017-02-18|9
335|17|28|2015-05-01|10
336|17|13|2017-01-14|4
337|17|20|2017-03-06|10
338|17|18|2019-03-18|9
339|17|32|2018-11-22|5
340|17|26|2017-01-02|5
341|18|15|2015-11-20|10
342|18|16|2016-06-26|1
343|18|9|2017-04-28|10
344|18|5|2016-03-12|10
345|18|41|2015-03-22|9
346|18|12|2016-02-05|3
347|18|45|2016-05-15|1
348|18|26|2017-04-13|9
349|18|11|2015-07-16|5
350|18|8|2017-01-03|8
351|18|6|2016-01-03|3
352|18|5|2018-06-01|9
353|18|15|2016-11-18|3
354|18|40|2018-01-23|6
355|18|47|2016-11-18|1
356|18|8|2018-06-22|4
357|18|7|2016-06-18|8
358|18|40|2017-09-13|0
359|18|5|2018-06-02|6
360|18|17|2017-10-17|3
361|19|36|2019-10-28|8
362|19|31|2018-02-16|0
363|19|49|2020-01-01|9
364|19|31|2019-03-26|2
365|19|35|2015-08-29|0
366|19|30|2015-12-09|7
367|19|6|2018-11-29|5
368|19|9|2018-03-24|9
369|19|35|2018-12-06|10
370|19|11|2018-10-16|6
371|19|35|2016-12-18|7
372|19|24|2019-02-27|1
373|19|36|2018-08-19|6
374|19|30|2016-04-27|1
375|19|45|2018-12-27|8
376|19|41|2016-01-13|7
377|19|15|2018-04-05|10
378|19|18|2019-08-06|0
379|19|32|2019-03-24|3
380|19|34|2019-11-06|6
381|20|7|2018-08-30|7
382|20|32|2017-06-19|7
383|20|1|2019-05-23|10
384|20|23|2016-01-11|7
385|20|23|2016-07-01|10
386|20|45|2019-07-07|7
387|20|48|2018-09-08|4
388|20|7|2019-03-01|7
389|20|41|2017-06-07|1
390|20|3|2018-12-07|10
391|20|39|2015-01-21|8
392|20|8|2016-03-04|10
393|20|47|2019-02-12|2
394|20|34|2018-11-01|6
395|20|20|2019-06-22|0
396|20|9|2019-01-15|4
397|20|49|2018-07-12|8
398|20|36|2016-06-03|1
399|20|7|2017-02-06|10
400|20|29|2015-12-22|3
401|21|35|2015-02-09|0
402|21|23|2015-04-22|10
403|21|29|2018-08-01|2
404|21|39|2017-04-28|10
405|21|3|2019-03-31|7
406|21|24|2017-01-08|3
407|21|29|2017-05-29|6
408|21|44|2015-10-06|3
409|21|1|2019-07-30|4
410|21|7|2017-01-03|2
411|21|40|2018-04-14|0
412|21|45|2015-01-02|3
413|21|34|2018-11-02|9
414|21|37|2019-09-18|0
415|21|18|2018-12-13|8
416|21|23|2019-06-09|2
417|21|10|2019-10-03|5
418|21|20|2017-04-03|1
419|21|36|2019-03-19|5
420|21|3|2019-11-19|1
421|22|21|2017-05-06|8
422|22|14|2018-01-08|0
423|22|48|2018-01-21|5
424|22|24|2017-01-19|2
425|22|39|2017-01-21|6
426|22|33|2016-03-17|9
427|22|17|2015-05-08|9
428|22|9|2017-12-18|7
429|22|1|2017-01-11|0
430|22|15|2017-04-08|9
431|22|39|2017-06-15|4
432|22|26|2017-08-21|1
433|22|22|2018-10-26|6
434|22|9|2016-06-16|0
435|22|27|2015-07-19|2
436|22|29|2019-09-06|8
437|22|36|2018-09-06|8
438|22|31|2017-11-07|5
439|22|28|2019-05-13|7
440|22|42|2017-05-21|0
441|23|15|2016-09-30|3
442|23|21|2018-08-17|5
443|23|11|2019-12-19|9
444|23|6|2016-07-29|7
445|23|49|2017-10-03|10
446|23|25|2017-11-02|10
447|23|22|2019-11-13|8
448|23|47|2017-11-22|7
449|23|33|2019-07-26|7
450|23|7|2016-07-03|0
451|23|28|2016-07-11|0
452|23|41|2016-03-30|3
453|23|40|2018-04-30|2
454|23|42|2016-01-31|0
455|23|17|2019-10-16|9
456|23|23|2017-07-17|1
457|23|42|2015-01-22|0
458|23|9|2019-11-28|10
459|23|16|2017-10-10|5
460|23|7|2018-06-22|8
461|24|4|2018-01-27|0
462|24|26|2016-04-15|10
463|24|11|2019-06-15|9
464|24|19|2019-10-02|7
465|24|47|2017-05-16|1
466|24|45|2016-02-26|3
467|24|45|2017-06-01|9
468|24|32|2015-03-29|10
469|24|33|2019-07-28|8
470|24|42|2018-02-13|0
471|24|4|2015-12-18|5
472|24|30|2016-06-15|0
473|24|14|2019-05-04|8
474|24|28|2015-12-09|10
475|24|33|2016-11-08|1
476|24|8|2015-02-16|4
477|24|12|2018-08-30|7
478|24|28|2015-02-21|1
479|24|24|2015-08-27|2
480|24|6|2019-06-15|3
481|25|49|2016-11-09|6
482|25|24|2019-04-27|10
483|25|27|2017-10-01|1
484|25|31|2018-08-05|5
485|25|40|2018-05-12|9
486|25|19|2019-04-13|3
487|25|19|2017-04-22|2
488|25|16|2019-10-20|8
489|25|20|2015-12-11|1
490|25|27|2018-04-05|7
491|25|35|2016-02-26|0
492|25|40|2017-12-15|9
493|25|35|2017-09-03|9
494|25|6|2018-05-13|0
495|25|2|2015-05-03|1
496|25|34|2017-06-14|5
497|25|36|2017-10-10|10
498|25|12|2019-08-19|9
499|25|37|2018-07-27|8
500|25|48|2017-09-19|5
501|26|37|2017-04-04|8
502|26|20|2015-09-14|2
503|26|42|2015-07-07|8
504|26|49|2020-01-08|0
505|26|46|2018-08-30|7
506|26|24|2020-01-29|2
507|26|34|2018-06-27|1
508|26|18|2016-12-24|0
509|26|45|2016-11-08|3
510|26|1|2017-11-28|3
511|26|48|2017-05-16|2
512|26|24|2016-01-06|1
513|26|41|2019-07-12|2
514|26|7|2018-09-19|0
515|26|9|2018-05-13|9
516|26|2|2019-11-14|5
517|26|5|2017-10-30|1
518|26|18|2019-06-25|7
519|26|41|2015-09-03|1
520|26|2|2015-03-06|7
521|27|11|2017-12-06|0
522|27|44|2015-04-25|7
523|27|8|2017-08-12|3
524|27|46|2018-01-01|0
525|27|15|2018-01-26|6
526|27|21|2017-10-23|0
527|27|14|2018-06-07|8
528|27|16|2017-01-08|6
529|27|20|2019-11-02|7
530|27|17|2019-03-31|3
531|27|29|2019-09-29|7
532|27|22|2015-04-23|6
533|27|39|2015-09-15|0
534|27|34|2019-08-11|1
535|27|6|2019-07-08|8
536|27|49|2015-07-17|7
537|27|10|2018-12-07|7
538|27|21|2018-06-10|6
539|27|26|2016-09-03|4
540|27|1|2018-04-04|7
541|28|17|2016-12-03|8
542|28|22|2015-01-29|2
543|28|32|2019-01-08|10
544|28|43|2015-01-03|1
545|28|28|2018-12-06|2
546|28|12|2017-05-26|7
547|28|8|2019-09-13|9
548|28|40|2016-08-20|4
549|28|4|2017-08-06|7
550|28|18|2016-05-05|4
551|28|31|2016-03-28|6
552|28|7|2018-04-29|4
553|28|15|2018-12-12|3
554|28|23|2016-02-29|9
555|28|33|2019-11-28|0
556|28|38|2017-11-30|1
557|28|37|2015-02-04|8
558|28|42|2015-09-16|10
559|28|46|2018-09-05|9
560|28|49|2017-08-24|1
561|29|2|2018-09-22|2
562|29|20|2018-09-05|7
563|29|38|2018-04-05|7
564|29|36|2018-12-02|4
565|29|38|2019-08-18|5
566|29|9|2016-11-14|2
567|29|30|2016-10-21|3
568|29|49|2019-06-09|2
569|29|40|2018-03-23|4
570|29|1|2018-08-21|4
571|29|20|2017-01-02|6
572|29|27|2016-05-17|6
573|29|3|2016-11-22|8
574|29|33|2017-07-10|2
575|29|45|2016-12-17|1
576|29|16|2017-01-18|1
577|29|37|2015-06-04|9
578|29|7|2018-06-12|10
579|29|42|2019-10-11|9
580|29|7|2015-08-03|8
581|30|21|2018-06-08|5
582|30|41|2019-03-19|4
583|30|45|2016-11-11|1
584|30|16|2016-06-18|4
585|30|37|2016-12-30|5
586|30|3|2018-07-24|2
587|30|15|2018-02-07|9
588|30|45|2015-05-15|9
589|30|4|2018-07-17|10
590|30|33|2018-12-20|0
591|30|34|2019-04-28|3
592|30|20|2019-06-19|5
593|30|9|2018-03-05|2
594|30|5|2018-09-19|1
595|30|36|2019-11-11|10
596|30|49|2017-07-16|5
597|30|30|2019-01-02|7
598|30|21|2017-03-29|3
599|30|14|2018-06-06|8
600|30|47|2019-01-14|9
601|31|26|2016-09-02|8
602|31|3|2016-08-31|9
603|31|31|2018-09-27|1
604|31|36|2017-10-07|5
605|31|35|2016-04-28|7
606|31|21|2015-04-01|9
607|31|31|2019-10-24|10
608|31|11|2018-08-08|0
609|31|25|2016-05-12|0
610|31|28|2017-09-12|10
611|31|45|2015-08-05|8
612|31|25|2016-10-26|3
613|31|42|2016-12-07|5
614|31|37|2016-06-17|4
615|31|13|2019-12-13|5
616|31|24|2018-02-08|5
617|31|36|2016-01-23|0
618|31|5|2018-11-22|0
619|31|33|2017-01-04|9
620|31|40|2019-09-26|5
621|32|34|2016-05-02|0
622|32|20|2017-09-12|8
623|32|39|2015-03-03|8
624|32|25|2015-11-02|1
625|32|37|2018-08-25|1
626|32|49|2017-04-24|3
627|32|12|2018-06-28|7
628|32|13|2018-07-14|2
629|32|19|2017-10-26|2
630|32|26|2015-06-30|3
631|32|32|2017-09-15|6
632|32|7|2017-05-12|0
633|32|30|2015-05-29|7
634|32|3|2017-04-26|5
635|32|48|2016-01-30|2
636|32|22|2017-07-20|3
637|32|32|2018-05-16|1
638|32|45|2018-03-05|3
639|32|35|2019-11-18|1
640|32|18|2015-06-20|1
641|33|38|2016-07-12|8
642|33|1|2019-05-09|7
643|33|40|2016-12-13|6
644|33|10|2015-07-22|0
645|33|26|2017-10-14|8
646|33|30|2016-03-06|10
647|33|39|2017-05-11|2
648|33|12|2018-03-21|9
649|33|26|2018-06-22|5
650|33|38|2018-10-15|8
651|33|25|2016-07-22|0
652|33|31|2019-06-20|6
653|33|4|2016-10-18|5
654|33|36|2018-02-19|3
655|33|21|2019-02-20|4
656|33|41|2017-11-27|7
657|33|28|2015-04-13|0
658|33|26|2015-02-07|8
659|33|9|2019-02-21|1
660|33|9|2018-06-27|1
661|34|48|2018-10-29|3
662|34|47|2018-07-02|0
663|34|24|2018-07-02|5
664|34|9|2015-01-18|1
665|34|44|2016-11-02|9
666|34|49|2019-04-21|0
667|34|5|2017-12-28|5
668|34|35|2017-09-10|4
669|34|49|2019-02-11|1
670|34|9|2019-02-10|8
671|34|39|2016-12-18|9
672|34|15|2018-07-27|0
673|34|9|2016-06-03|8
674|34|41|2018-01-01|0
675|34|12|2020-01-25|8
676|34|41|2019-04-30|7
677|34|36|2016-10-10|0
678|34|23|2018-01-20|10
679|34|25|2016-12-07|0
680|34|32|2015-03-24|1
681|35|5|2018-12-31|4
682|35|6|2019-10-06|10
683|35|30|2019-09-09|0
684|35|6|2018-03-10|8
685|35|27|2017-12-19|2
686|35|32|2019-01-22|4
687|35|32|2019-05-12|1
688|35|47|2017-02-09|9
689|35|36|2017-03-22|2
690|35|12|2017-12-13|9
691|35|39|2016-01-22|5
692|35|25|2017-05-12|10
693|35|23|2016-04-04|0
694|35|25|2016-02-17|5
695|35|1|2017-04-08|2
696|35|9|2017-10-14|6
697|35|18|2016-07-17|10
698|35|12|2016-02-01|9
699|35|1|2019-04-21|2
700|35|30|2018-06-07|6
701|36|27|2017-03-25|2
702|36|37|2019-11-01|4
703|36|23|2016-12-28|5
704|36|36|2018-02-07|2
705|36|32|2019-01-06|0
706|36|33|2018-12-04|0
707|36|43|2015-02-28|0
708|36|44|2017-11-15|1
709|36|26|2015-08-27|10
710|36|45|2018-09-06|2
711|36|29|2018-10-24|8
712|36|33|2016-07-24|8
713|36|40|2015-04-26|8
714|36|6|2015-02-02|10
715|36|23|2015-01-07|5
716|36|19|2017-06-19|6
717|36|24|2019-12-01|2
718|36|45|2018-10-18|6
719|36|25|2016-10-26|4
720|36|24|2016-04-09|3
721|37|20|2017-09-22|2
722|37|20|2015-12-29|0
723|37|2|2018-02-17|7
724|37|20|2019-01-09|1
725|37|46|2015-06-12|8
726|37|12|2015-10-22|7
727|37|39|2019-09-11|3
728|37|18|2015-03-24|8
729|37|15|2015-08-14|6
730|37|16|2019-11-13|9
731|37|25|2019-02-10|9
732|37|42|2018-01-28|4
733|37|38|2016-06-11|4
734|37|45|2016-05-15|6
735|37|36|2016-02-14|2
736|37|10|2019-04-03|2
737|37|26|2015-06-11|9
738|37|30|2015-12-28|4
739|37|42|2016-01-18|9
740|37|33|2018-10-25|1
741|38|2|2018-07-28|2
742|38|37|2019-06-08|7
743|38|38|2019-08-03|8
744|38|4|2016-05-24|1
745|38|17|2016-12-10|0
746|38|46|2019-02-25|1
747|38|30|2016-05-14|1
748|38|15|2017-02-02|9
749|38|6|2015-11-14|6
750|38|31|2019-06-29|10
751|38|8|2019-01-05|10
752|38|20|2015-03-28|10
753|38|47|2017-11-09|5
754|38|3|2015-07-25|10
755|38|46|2018-11-06|7
756|38|46|2017-02-01|0
757|38|26|2016-11-22|7
758|38|8|2019-09-13|6
759|38|32|2019-10-08|5
760|38|38|2018-01-16|4
761|39|24|2019-11-09|3
762|39|3|2017-02-24|7
763|39|3|2017-04-25|4
764|39|6|2019-09-14|2
765|39|46|2016-02-24|10
766|39|25|2017-02-06|6
767|39|41|2016-08-27|3
768|39|31|2019-08-18|10
769|39|1|2019-05-03|2
770|39|38|2018-07-20|1
771|39|39|2016-02-28|5
772|39|17|2019-03-03|1
773|39|2|2016-08-10|0
774|39|8|2017-10-14|6
775|39|26|2018-02-11|2
776|39|12|2016-08-22|4
777|39|23|2016-03-02|5
778|39|10|2017-01-03|3
779|39|12|2016-10-15|7
780|39|27|2016-02-08|3
781|40|48|2015-09-13|4
782|40|11|2018-11-24|8
783|40|22|2018-09-07|9
784|40|23|2016-09-09|8
785|40|28|2019-07-26|8
786|40|22|2018-05-16|10
787|40|29|2019-04-12|2
788|40|3|2016-06-21|10
789|40|42|2017-12-01|10
790|40|10|2017-01-13|9
791|40|7|2016-09-04|9
792|40|27|2016-04-28|0
793|40|32|2018-10-23|10
794|40|42|2015-08-28|8
795|40|27|2019-06-25|2
796|40|21|2017-05-01|7
797|40|9|2016-01-06|1
798|40|18|2017-04-24|2
799|40|21|2017-07-21|5
800|40|46|2016-04-10|4
801|41|25|2015-03-23|9
802|41|22|2016-03-18|4
803|41|8|2019-12-20|5
804|41|42|2015-03-26|0
805|41|3|2016-01-12|3
806|41|45|2017-12-20|8
807|41|15|2018-10-23|0
808|41|22|2018-09-29|3
809|41|48|2017-09-09|6
810|41|20|2018-08-17|5
811|41|6|2018-12-31|3
812|41|43|2018-10-18|5
813|41|49|2019-01-14|0
814|41|20|2018-07-08|10
815|41|45|2020-01-27|2
816|41|22|2019-04-08|5
817|41|11|2015-05-08|1
818|41|33|2015-04-09|1
819|41|1|2017-11-25|2
820|41|31|2018-10-26|9
821|42|27|2016-11-02|8
822|42|45|2015-04-10|10
823|42|4|2017-03-01|2
824|42|42|2019-03-23|10
825|42|33|2015-10-08|5
826|42|18|2019-09-10|3
827|42|25|2018-11-17|8
828|42|17|2017-04-29|8
829|42|23|2017-09-26|3
830|42|32|2016-05-17|2
831|42|19|2015-04-08|7
832|42|41|2016-01-28|4
833|42|39|2017-03-11|2
834|42|24|2016-05-21|9
835|42|48|2018-06-02|4
836|42|30|2016-07-11|6
837|42|5|2019-09-24|5
838|42|35|2018-10-27|2
839|42|30|2019-03-31|0
840|42|27|2015-06-01|7
841|43|28|2015-10-15|9
842|43|37|2018-09-02|8
843|43|25|2019-03-02|6
844|43|44|2016-03-03|1
845|43|4|2015-01-05|10
846|43|32|2016-06-06|2
847|43|35|2017-05-28|7
848|43|6|2019-01-05|3
849|43|22|2015-05-14|0
850|43|40|2017-02-21|8
851|43|48|2015-03-27|10
852|43|42|2018-09-26|7
853|43|40|2019-04-14|7
854|43|28|2017-04-21|0
855|43|29|2019-06-16|5
856|43|19|2015-08-16|2
857|43|11|2016-01-31|9
858|43|6|2018-12-09|3
859|43|26|2016-10-17|0
860|43|12|2017-04-23|1
861|44|29|2018-07-25|9
862|44|6|2018-03-16|1
863|44|5|2015-02-12|5
864|44|38|2019-12-10|6
865|44|25|2016-03-08|8
866|44|19|2016-04-29|0
867|44|45|2018-09-13|3
868|44|16|2015-04-22|6
869|44|37|2018-10-06|2
870|44|18|2020-01-09|7
871|44|26|2016-07-21|3
872|44|36|2018-04-30|6
873|44|28|2019-01-15|8
874|44|19|2017-11-06|10
875|44|35|2019-05-20|0
876|44|46|2018-02-17|0
877|44|2|2019-07-01|10
878|44|31|2019-08-28|1
879|44|15|2018-01-17|0
880|44|10|2017-10-26|0
881|45|4|2017-11-29|7
882|45|36|2017-10-09|7
883|45|48|2016-05-13|7
884|45|38|2018-03-05|1
885|45|24|2017-01-09|5
886|45|39|2018-03-23|1
887|45|17|2017-12-19|9
888|45|26|2019-12-08|2
889|45|30|2019-09-16|9
890|45|47|2016-02-28|3
891|45|14|2015-11-21|3
892|45|25|2015-05-21|10
893|45|31|2019-07-08|10
894|45|14|2018-08-10|1
895|45|41|2016-12-24|7
896|45|42|2015-10-07|1
897|45|42|2016-06-21|9
898|45|20|2019-12-29|6
899|45|25|2016-06-10|6
900|45|48|2017-09-25|7
901|46|44|2016-05-24|2
902|46|7|2015-04-08|8
903|46|42|2016-02-11|3
904|46|22|2015-08-07|8
905|46|35|2017-10-11|4
906|46|18|2018-06-26|3
907|46|6|2015-09-09|4
908|46|43|2016-11-15|9
909|46|31|2020-01-15|5
910|46|31|2018-05-19|2
911|46|3|2017-05-23|5
912|46|35|2018-10-11|5
913|46|38|2018-09-20|7
914|46|44|2016-01-27|9
915|46|28|2018-07-21|2
916|46|25|2015-11-18|4
917|46|27|2016-09-06|6
918|46|48|2017-07-17|4
919|46|10|2015-03-31|10
920|46|45|2018-04-06|4
921|47|16|2017-06-22|6
922|47|37|2017-03-24|1
923|47|19|2018-11-24|2
924|47|33|2019-07-28|4
925|47|13|2017-02-24|2
926|47|38|2015-03-04|10
927|47|1|2019-08-11|7
928|47|27|2017-07-19|7
929|47|27|2017-11-09|6
930|47|42|2015-07-25|2
931|47|38|2016-03-03|7
932|47|48|2020-01-24|10
933|47|6|2015-10-08|1
934|47|42|2018-09-16|10
935|47|2|2016-10-05|8
936|47|5|2015-11-22|10
937|47|8|2019-06-24|6
938|47|41|2017-06-25|5
939|47|24|2019-09-17|3
940|47|41|2016-12-01|0
941|48|31|2017-02-09|10
942|48|36|2016-06-06|4
943|48|16|2016-09-11|6
944|48|46|2017-09-22|4
945|48|7|2017-08-19|6
946|48|12|2019-09-09|4
947|48|28|2019-07-01|2
948|48|16|2017-10-17|1
949|48|12|2017-03-07|5
950|48|25|2016-08-04|5
951|48|11|2017-07-04|6
952|48|3|2019-04-14|7
953|48|4|2017-12-22|0
954|48|35|2019-05-19|1
955|48|46|2017-11-24|6
956|48|9|2016-04-29|10
957|48|47|2018-02-26|5
958|48|32|2019-09-27|4
959|48|46|2016-10-06|10
960|48|24|2016-08-01|0
961|49|1|2016-09-02|1
962|49|31|2015-02-03|5
963|49|44|2016-06-05|2
964|49|26|2018-10-30|2
965|49|22|2015-03-26|2
966|49|7|2015-04-20|4
967|49|26|2016-04-23|7
968|49|26|2018-12-25|3
969|49|48|2015-06-08|7
970|49|35|2015-10-22|9
971|49|30|2019-09-06|7
972|49|7|2017-05-02|1
973|49|41|2020-01-22|1
974|49|41|2017-11-12|6
975|49|13|2016-03-12|1
976|49|5|2015-11-27|0
977|49|38|2019-11-17|2
978|49|11|2018-10-18|10
979|49|8|2017-11-27|8
980|49|15|2018-07-25|9
981|50|17|2015-06-18|8
982|50|12|2015-02-02|6
983|50|31|2019-12-05|9
984|50|30|2016-09-03|5
985|50|7|2016-03-20|0
986|50|24|2015-02-16|7
987|50|15|2019-04-30|7
988|50|27|2017-02-11|4
989|50|23|2019-11-16|0
990|50|8|2020-01-22|6
991|50|27|2019-07-11|0
992|50|37|2015-08-07|8
993|50|9|2020-01-25|1
994|50|36|2015-04-06|1
995|50|8|2018-02-17|8
996|50|16|2019-10-09|4
997|50|30|2015-06-15|10
998|50|48|2017-09-15|7
999|50|20|2015-11-13|8
1000|50|44|2016-05-17|2
1001|51|2|2019-11-16|10
1002|51|9|2018-03-10|2
1003|51|29|2016-07-12|10
1004|51|4|2016-05-18|10
1005|51|14|2015-10-01|2
1006|51|13|2017-04-07|9
1007|51|17|2019-11-24|0
1008|51|27|2018-02-08|10
1009|51|30|2015-12-23|9
1010|51|25|2016-11-17|3
1011|51|8|2020-01-08|10
1012|51|36|2018-03-11|2
1013|51|9|2017-06-13|4
1014|51|16|2015-07-21|8
1015|51|44|2018-01-27|0
1016|51|49|2016-01-18|1
1017|51|26|2015-02-08|8
1018|51|17|2015-01-17|7
1019|51|15|2016-10-14|10
1020|51|35|2019-12-16|5
1021|52|38|2017-05-02|10
1022|52|40|2015-05-04|10
1023|52|23|2019-08-26|10
1024|52|30|2019-09-26|9
1025|52|41|2015-09-12|1
1026|52|37|2019-07-27|6
1027|52|39|2016-02-17|7
1028|52|3|2018-04-08|3
1029|52|35|2015-05-25|0
1030|52|44|2019-09-28|6
1031|52|49|2016-02-05|3
1032|52|37|2019-08-07|4
1033|52|25|2018-06-03|2
1034|52|6|2018-08-23|4
1035|52|48|2019-06-10|8
1036|52|48|2016-12-08|3
1037|52|27|2018-05-29|2
1038|52|19|2018-02-17|1
1039|52|47|2017-02-13|2
1040|52|16|2017-05-08|2
1041|53|31|2018-02-23|10
1042|53|17|2016-04-28|3
1043|53|17|2019-09-03|1
1044|53|43|2019-07-07|5
1045|53|43|2017-01-20|4
1046|53|2|2015-06-30|9
1047|53|17|2019-10-18|3
1048|53|5|2018-08-21|0
1049|53|42|2018-04-14|5
1050|53|40|2015-11-21|4
1051|53|9|2018-10-25|6
1052|53|29|2018-07-11|7
1053|53|19|2019-10-01|9
1054|53|17|2015-10-28|5
1055|53|20|2018-02-19|5
1056|53|16|2017-08-23|2
1057|53|8|2015-06-30|3
1058|53|8|2018-09-01|10
1059|53|40|2019-04-11|5
1060|53|46|2019-12-29|4
1061|54|31|2018-03-21|1
1062|54|23|2019-09-23|6
1063|54|23|2019-01-19|7
1064|54|37|2015-06-30|5
1065|54|10|2018-01-29|4
1066|54|18|2015-05-08|3
1067|54|27|2015-09-24|0
1068|54|33|2015-04-11|2
1069|54|39|2018-01-24|3
1070|54|30|2017-09-23|6
1071|54|30|2017-05-20|5
1072|54|20|2017-03-24|6
1073|54|17|2017-04-29|2
1074|54|21|2018-07-31|2
1075|54|32|2017-09-04|6
1076|54|33|2016-05-16|5
1077|54|11|2015-06-03|8
1078|54|43|2015-10-13|5
1079|54|42|2018-03-13|6
1080|54|44|2016-07-31|8
1081|55|31|2017-06-06|5
1082|55|25|2016-08-02|1
1083|55|9|2015-08-09|5
1084|55|4|2019-11-13|10
1085|55|9|2015-03-28|4
1086|55|48|2019-02-04|6
1087|55|14|2018-03-03|3
1088|55|9|2017-01-16|5
1089|55|18|2019-04-24|2
1090|55|36|2018-02-03|8
1091|55|49|2017-12-01|5
1092|55|36|2015-10-08|0
1093|55|5|2017-01-13|0
1094|55|15|2016-08-08|4
1095|55|1|2017-10-17|9
1096|55|40|2017-04-04|2
1097|55|28|2018-05-09|6
1098|55|31|2017-05-20|0
1099|55|44|2019-04-14|7
1100|55|48|2016-04-02|2
1101|56|21|2015-03-11|7
1102|56|26|2019-11-09|2
1103|56|38|2019-02-05|1
1104|56|40|2015-12-14|3
1105|56|32|2017-07-24|4
1106|56|6|2020-01-13|7
1107|56|18|2015-07-16|7
1108|56|17|2015-03-04|3
1109|56|40|2020-01-09|9
1110|56|26|2018-03-08|0
1111|56|2|2019-07-26|8
1112|56|30|2017-05-14|0
1113|56|3|2018-05-27|7
1114|56|15|2017-02-24|6
1115|56|10|2018-07-12|9
1116|56|43|2018-08-24|4
1117|56|9|2016-06-23|9
1118|56|12|2015-11-15|1
1119|56|24|2018-09-14|7
1120|56|48|2017-04-07|8
1121|57|19|2017-11-12|7
1122|57|5|2018-02-19|6
1123|57|25|2016-03-19|10
1124|57|24|2016-12-06|5
1125|57|28|2019-07-25|10
1126|57|30|2015-05-01|0
1127|57|21|2016-06-07|1
1128|57|37|2016-03-18|1
1129|57|34|2018-03-18|1
1130|57|42|2018-07-06|4
1131|57|1|2019-07-28|2
1132|57|24|2016-09-03|2
1133|57|49|2019-10-05|8
1134|57|6|2015-08-30|5
1135|57|15|2019-05-11|2
1136|57|19|2019-09-24|8
1137|57|8|2018-03-23|4
1138|57|45|2019-04-17|4
1139|57|46|2015-09-20|8
1140|57|6|2019-03-22|9
1141|58|31|2019-12-08|3
1142|58|35|2018-01-07|2
1143|58|49|2017-07-31|0
1144|58|17|2018-09-30|2
1145|58|7|2015-08-24|10
1146|58|26|2017-06-19|7
1147|58|39|2016-04-03|10
1148|58|31|2017-06-12|10
1149|58|36|2018-01-20|6
1150|58|23|2017-11-09|8
1151|58|49|2015-01-30|2
1152|58|18|2016-11-10|6
1153|58|8|2018-06-24|8
1154|58|14|2018-10-12|10
1155|58|48|2019-01-21|0
1156|58|31|2016-09-06|2
1157|58|3|2019-02-02|9
1158|58|10|2015-02-22|5
1159|58|22|2019-12-01|2
1160|58|26|2019-06-24|8
1161|59|20|2018-08-13|3
1162|59|32|2018-08-29|6
1163|59|9|2018-11-19|9
1164|59|33|2015-05-11|4
1165|59|41|2019-09-09|3
1166|59|32|2015-09-24|4
1167|59|40|2017-02-27|3
1168|59|10|2017-02-05|8
1169|59|31|2015-09-04|0
1170|59|2|2015-11-01|5
1171|59|43|2018-12-08|6
1172|59|49|2017-03-28|7
1173|59|23|2016-07-18|2
1174|59|22|2016-12-01|10
1175|59|27|2017-01-06|5
1176|59|24|2017-12-07|6
1177|59|12|2015-07-30|5
1178|59|47|2018-02-10|5
1179|59|3|2018-08-24|9
1180|59|33|2017-05-04|3
1181|60|47|2019-05-14|4
1182|60|38|2017-10-13|5
1183|60|42|2015-01-03|6
1184|60|31|2017-05-25|0
1185|60|44|2016-06-22|8
1186|60|48|2017-09-28|8
1187|60|49|2019-06-11|8
1188|60|32|2018-05-29|8
1189|60|33|2016-04-17|4
1190|60|22|2017-09-14|5
1191|60|14|2017-10-01|3
1192|60|35|2017-01-30|9
1193|60|14|2015-02-05|4
1194|60|24|2017-03-12|10
1195|60|15|2017-05-07|5
1196|60|21|2016-09-28|4
1197|60|39|2016-12-07|4
1198|60|25|2018-10-14|6
1199|60|4|2016-03-30|0
1200|60|18|2017-11-12|4
1201|61|7|2019-12-03|5
1202|61|13|2018-07-17|1
1203|61|35|2019-03-20|3
1204|61|2|2016-05-24|4
1205|61|38|2015-09-01|6
1206|61|21|2018-07-13|10
1207|61|26|2017-05-24|3
1208|61|8|2018-02-08|10
1209|61|18|2019-10-01|10
1210|61|16|2017-02-11|0
1211|61|22|2020-01-25|9
1212|61|7|2019-11-07|0
1213|61|45|2017-09-18|9
1214|61|41|2017-05-13|6
1215|61|11|2019-06-18|9
1216|61|30|2018-04-14|7
1217|61|31|2019-11-05|7
1218|61|3|2016-09-06|1
1219|61|36|2018-09-30|2
1220|61|41|2018-11-08|10
1221|62|14|2017-10-01|0
1222|62|17|2015-10-03|1
1223|62|4|2015-11-26|10
1224|62|7|2015-02-28|10
1225|62|3|2017-11-12|0
1226|62|23|2016-07-20|1
1227|62|5|2018-04-30|0
1228|62|13|2016-05-15|1
1229|62|24|2017-01-29|3
1230|62|23|2017-06-01|4
1231|62|6|2017-08-31|0
1232|62|25|2019-10-04|7
1233|62|4|2016-10-24|8
1234|62|41|2018-07-14|3
1235|62|35|2015-01-09|5
1236|62|17|2017-01-20|3
1237|62|2|2017-12-03|2
1238|62|23|2018-06-02|9
1239|62|29|2016-09-27|4
1240|62|48|2016-08-26|10
1241|63|41|2015-08-19|8
1242|63|7|2018-03-30|3
1243|63|36|2016-03-27|6
1244|63|34|2020-01-03|7
1245|63|15|2017-05-19|5
1246|63|39|2016-08-12|4
1247|63|46|2017-07-15|4
1248|63|29|2016-09-10|2
1249|63|4|2018-03-29|1
1250|63|32|2018-07-20|0
1251|63|14|2018-11-15|6
1252|63|33|2017-12-12|7
1253|63|48|2019-11-15|3
1254|63|9|2015-03-19|4
1255|63|36|2017-05-08|4
1256|63|42|2018-08-15|10
1257|63|6|2019-02-27|1
1258|63|7|2015-10-20|7
1259|63|40|2015-11-21|0
1260|63|2|2017-06-08|9
1261|64|29|2019-10-28|9
1262|64|5|2015-05-09|4
1263|64|12|2015-04-27|2
1264|64|45|2016-03-17|2
1265|64|9|2018-06-27|9
1266|64|8|2016-08-05|3
1267|64|15|2019-09-14|7
1268|64|18|2017-10-28|3
1269|64|44|2017-09-28|5
1270|64|44|2015-12-10|3
1271|64|23|2017-09-29|0
1272|64|20|2016-08-22|1
1273|64|43|2018-06-24|6
1274|64|40|2016-03-12|3
1275|64|45|2018-11-30|8
1276|64|38|2018-08-17|7
1277|64|24|2016-09-24|8
1278|64|44|2019-05-21|1
1279|64|41|2018-04-26|9
1280|64|23|2015-11-18|3
1281|65|10|2015-04-01|0
1282|65|24|2019-07-21|4
1283|65|45|2016-12-22|6
1284|65|11|2018-01-07|8
1285|65|46|2015-12-13|5
1286|65|48|2016-01-23|7
1287|65|34|2015-11-29|2
1288|65|13|2015-02-06|1
1289|65|12|2015-02-19|6
1290|65|2|2018-07-29|10
1291|65|7|2020-01-12|2
1292|65|29|2015-02-19|9
1293|65|22|2016-03-19|7
1294|65|26|2019-06-29|5
1295|65|20|2019-10-05|10
1296|65|38|2016-09-28|2
1297|65|5|2016-03-18|4
1298|65|31|2019-11-16|10
1299|65|5|2016-04-14|8
1300|65|21|2015-10-16|9
1301|66|9|2017-12-30|2
1302|66|15|2016-09-25|2
1303|66|26|2015-01-12|7
1304|66|32|2015-09-29|9
1305|66|11|2016-04-17|1
1306|66|47|2016-01-10|7
1307|66|18|2019-04-30|5
1308|66|6|2019-10-26|7
1309|66|4|2019-09-07|5
1310|66|20|2017-05-03|5
1311|66|19|2016-06-28|6
1312|66|37|2016-03-13|8
1313|66|26|2019-08-27|2
1314|66|14|2018-12-20|5
1315|66|35|2017-03-20|7
1316|66|25|2017-12-07|3
1317|66|30|2019-07-06|5
1318|66|12|2016-05-07|5
1319|66|48|2015-10-05|7
1320|66|6|2017-09-24|8
1321|67|18|2017-09-19|3
1322|67|9|2019-06-25|9
1323|67|8|2018-10-02|0
1324|67|3|2018-01-16|3
1325|67|5|2015-04-10|5
1326|67|13|2018-02-04|5
1327|67|18|2015-02-04|3
1328|67|29|2019-07-28|0
1329|67|4|2017-06-29|3
1330|67|47|2016-01-29|5
1331|67|25|2016-01-24|6
1332|67|44|2016-01-17|1
1333|67|13|2018-10-10|3
1334|67|44|2016-01-27|8
1335|67|45|2018-11-28|1
1336|67|42|2016-11-10|3
1337|67|33|2019-05-24|6
1338|67|18|2019-11-29|8
1339|67|11|2019-09-12|4
1340|67|11|2016-06-02|4
1341|68|20|2018-12-27|1
1342|68|3|2019-07-20|10
1343|68|10|2016-12-17|1
1344|68|44|2016-03-24|5
1345|68|25|2018-07-06|8
1346|68|6|2019-01-20|0
1347|68|24|2017-01-31|4
1348|68|28|2019-01-29|7
1349|68|27|2019-05-17|10
1350|68|17|2018-12-21|1
1351|68|10|2018-01-03|6
1352|68|16|2020-01-20|0
1353|68|9|2015-08-05|7
1354|68|6|2018-07-05|9
1355|68|30|2016-07-27|1
1356|68|36|2019-04-11|5
1357|68|36|2019-01-10|1
1358|68|18|2015-12-17|4
1359|68|16|2016-05-15|10
1360|68|7|2015-07-27|1
1361|69|12|2017-02-02|1
1362|69|27|2016-02-21|7
1363|69|23|2016-08-25|5
1364|69|28|2016-12-12|5
1365|69|5|2017-10-03|4
1366|69|25|2016-07-28|8
1367|69|25|2015-11-19|8
1368|69|32|2017-07-26|6
1369|69|18|2015-09-24|1
1370|69|15|2018-09-06|8
1371|69|12|2019-08-05|6
1372|69|37|2018-08-07|6
1373|69|14|2017-03-05|10
1374|69|17|2016-07-17|6
1375|69|47|2019-07-16|6
1376|69|46|2016-05-11|8
1377|69|38|2017-04-11|7
1378|69|44|2015-04-14|10
1379|69|33|2019-09-16|3
1380|69|10|2015-05-12|4
1381|70|9|2016-01-28|4
1382|70|37|2018-08-05|5
1383|70|36|2016-01-24|9
1384|70|30|2019-01-09|10
1385|70|27|2018-06-29|10
1386|70|46|2015-07-10|8
1387|70|4|2015-08-12|0
1388|70|3|2015-12-07|1
1389|70|1|2018-07-18|1
1390|70|6|2016-06-22|3
1391|70|49|2017-12-26|5
1392|70|19|2018-06-29|0
1393|70|33|2015-02-27|0
1394|70|14|2019-09-04|8
1395|70|14|2016-12-11|5
1396|70|19|2019-04-28|7
1397|70|25|2019-12-05|9
1398|70|41|2018-08-02|1
1399|70|5|2018-09-22|7
1400|70|35|2017-12-12|4
1401|71|15|2019-11-14|7
1402|71|38|2017-02-11|10
1403|71|39|2015-05-22|6
1404|71|29|2019-10-29|9
1405|71|5|2019-04-13|3
1406|71|19|2017-11-26|5
1407|71|9|2018-03-10|4
1408|71|14|2016-11-26|8
1409|71|46|2017-02-15|9
1410|71|3|2019-08-21|9
1411|71|15|2016-10-29|9
1412|71|23|2017-09-06|3
1413|71|18|2015-01-22|8
1414|71|26|2018-12-22|8
1415|71|3|2018-04-04|6
1416|71|44|2015-09-22|5
1417|71|21|2017-10-24|3
1418|71|22|2018-12-21|0
1419|71|32|2015-11-10|8
1420|71|47|2015-08-07|1
1421|72|19|2015-06-26|5
1422|72|7|2018-06-12|10
1423|72|1|2017-09-18|3
1424|72|47|2016-04-03|3
1425|72|28|2015-02-05|1
1426|72|30|2018-02-26|8
1427|72|8|2019-06-25|8
1428|72|41|2015-03-26|7
1429|72|3|2015-09-14|7
1430|72|41|2017-11-27|8
1431|72|37|2017-11-11|6
1432|72|20|2015-07-23|0
1433|72|38|2015-02-23|6
1434|72|9|2018-06-29|7
1435|72|6|2015-02-19|0
1436|72|46|2019-08-30|7
1437|72|23|2015-01-24|3
1438|72|21|2015-05-21|8
1439|72|6|2019-06-14|3
1440|72|5|2018-08-17|2
1441|73|33|2015-12-15|9
1442|73|37|2016-05-06|3
1443|73|38|2015-01-21|5
1444|73|13|2019-12-14|5
1445|73|48|2018-10-20|6
1446|73|27|2017-03-03|5
1447|73|42|2016-08-14|7
1448|73|38|2018-09-11|9
1449|73|22|2015-01-06|10
1450|73|42|2017-06-13|10
1451|73|8|2017-08-30|8
1452|73|41|2016-04-17|5
1453|73|22|2019-08-02|9
1454|73|31|2017-11-12|10
1455|73|28|2018-04-30|8
1456|73|44|2016-05-14|3
1457|73|37|2015-03-24|4
1458|73|48|2019-11-18|1
1459|73|28|2019-03-24|7
1460|73|36|2019-01-16|7
1461|74|34|2016-05-03|2
1462|74|26|2017-12-21|3
1463|74|28|2019-11-05|8
1464|74|14|2017-04-11|9
1465|74|29|2017-07-05|5
1466|74|34|2019-11-19|0
1467|74|5|2015-07-21|5
1468|74|25|2018-10-18|10
1469|74|48|2015-01-18|6
1470|74|32|2019-11-22|6
1471|74|3|2015-07-28|8
1472|74|23|2015-06-30|7
1473|74|35|2019-04-14|7
1474|74|41|2017-06-12|5
1475|74|31|2019-01-25|2
1476|74|16|2016-10-08|4
1477|74|20|2016-04-19|5
1478|74|24|2017-01-13|3
1479|74|33|2017-11-15|3
1480|74|42|2016-08-05|9
1481|75|7|2018-02-03|1
1482|75|49|2019-07-08|9
1483|75|32|2017-05-15|8
1484|75|29|2018-04-27|4
1485|75|28|2019-10-18|7
1486|75|22|2016-07-18|8
1487|75|26|2016-09-26|5
1488|75|36|2018-11-13|5
1489|75|35|2017-01-27|3
1490|75|34|2016-09-08|10
1491|75|39|2019-06-27|5
1492|75|15|2016-09-10|4
1493|75|46|2015-03-24|3
1494|75|48|2015-02-26|1
1495|75|22|2015-11-01|10
1496|75|1|2016-02-10|1
1497|75|7|2015-11-29|3
1498|75|40|2019-05-29|5
1499|75|34|2017-05-01|9
1500|75|6|2017-01-23|1
1501|76|26|2015-06-29|4
1502|76|31|2016-07-23|2
1503|76|46|2019-04-13|9
1504|76|21|2018-04-23|0
1505|76|21|2018-07-12|2
1506|76|5|2018-04-25|8
1507|76|41|2016-08-21|10
1508|76|6|2017-08-14|0
1509|76|32|2017-08-27|2
1510|76|45|2017-08-28|1
1511|76|43|2019-02-03|1
1512|76|17|2018-04-20|6
1513|76|27|2018-12-21|8
1514|76|23|2015-01-07|2
1515|76|27|2017-07-05|9
1516|76|43|2015-06-27|1
1517|76|28|2015-06-28|10
1518|76|45|2015-11-06|4
1519|76|33|2016-04-07|8
1520|76|38|2017-10-10|1
1521|77|41|2019-01-01|10
1522|77|3|2016-07-14|10
1523|77|4|2017-11-27|3
1524|77|16|2016-06-07|2
1525|77|29|2015-08-17|0
1526|77|32|2016-03-24|4
1527|77|40|2017-12-27|4
1528|77|47|2017-09-10|1
1529|77|41|2016-02-17|9
1530|77|21|2017-08-11|4
1531|77|25|2015-02-16|6
1532|77|44|2018-07-06|4
1533|77|13|2016-02-15|7
1534|77|34|2018-11-27|9
1535|77|44|2016-04-29|8
1536|77|17|2017-08-10|3
1537|77|1|2018-09-15|2
1538|77|18|2017-11-25|8
1539|77|44|2017-10-14|10
1540|77|6|2015-07-28|9
1541|78|43|2018-07-31|1
1542|78|35|2015-01-27|2
1543|78|14|2016-07-07|2
1544|78|15|2017-07-03|7
1545|78|37|2018-12-28|10
1546|78|48|2016-07-16|6
1547|78|48|2020-01-18|9
1548|78|41|2016-09-24|5
1549|78|7|2016-03-07|3
1550|78|33|2016-08-02|4
1551|78|21|2019-02-11|3
1552|78|11|2017-12-07|3
1553|78|41|2015-09-18|0
1554|78|20|2018-02-07|2
1555|78|39|2019-05-24|1
1556|78|49|2017-05-11|10
1557|78|1|2016-01-08|10
1558|78|46|2015-10-11|8
1559|78|44|2019-04-05|7
1560|78|1|2017-05-23|1
1561|79|31|2015-04-09|1
1562|79|12|2015-04-16|4
1563|79|28|2017-08-26|6
1564|79|30|2015-07-18|4
1565|79|29|2016-03-14|2
1566|79|16|2015-11-23|0
1567|79|27|2017-05-19|9
1568|79|20|2017-04-09|2
1569|79|45|2018-11-10|8
1570|79|26|2015-01-09|7
1571|79|46|2017-07-14|2
1572|79|43|2017-08-10|9
1573|79|32|2015-11-16|9
1574|79|16|2018-06-15|3
1575|79|41|2019-04-25|9
1576|79|45|2015-02-05|4
1577|79|31|2018-03-30|4
1578|79|28|2018-12-10|5
1579|79|11|2017-08-17|10
1580|79|28|2019-10-08|0
1581|80|42|2017-09-30|7
1582|80|47|2019-02-17|1
1583|80|46|2017-12-05|2
1584|80|25|2018-09-27|0
1585|80|14|2019-08-03|7
1586|80|25|2015-06-11|2
1587|80|39|2018-08-04|10
1588|80|43|2017-02-06|6
1589|80|4|2019-07-08|5
1590|80|27|2017-06-10|0
1591|80|25|2019-10-17|6
1592|80|47|2019-01-17|1
1593|80|22|2017-09-19|0
1594|80|27|2015-01-15|2
1595|80|33|2017-02-10|7
1596|80|31|2018-04-04|8
1597|80|31|2015-03-06|3
1598|80|15|2020-01-17|5
1599|80|20|2017-09-05|1
1600|80|20|2017-06-06|1
1601|81|11|2019-11-03|4
1602|81|42|2018-05-13|6
1603|81|10|2019-12-23|0
1604|81|11|2017-09-08|4
1605|81|21|2020-01-21|7
1606|81|8|2018-08-08|7
1607|81|25|2016-09-21|10
1608|81|32|2017-09-06|1
1609|81|43|2017-06-03|7
1610|81|29|2016-01-12|5
1611|81|31|2019-08-03|8
1612|81|17|2016-01-18|0
1613|81|39|2015-01-20|5
1614|81|36|2016-02-28|3
1615|81|7|2018-11-17|3
1616|81|33|2019-05-04|0
1617|81|3|2017-03-01|0
1618|81|27|2017-02-28|3
1619|81|48|2017-03-12|1
1620|81|37|2015-10-21|7
1621|82|30|2016-11-09|8
1622|82|7|2018-07-16|0
1623|82|31|2017-01-05|6
1624|82|45|2018-08-18|8
1625|82|15|2018-10-06|9
1626|82|24|2018-06-16|8
1627|82|48|2018-10-25|4
1628|82|3|2017-05-29|1
1629|82|48|2015-10-09|3
1630|82|32|2018-07-19|2
1631|82|14|2017-11-17|6
1632|82|46|2016-05-19|8
1633|82|25|2018-09-20|1
1634|82|25|2018-06-28|5
1635|82|20|2016-11-30|10
1636|82|37|2015-11-05|0
1637|82|17|2016-09-11|1
1638|82|20|2015-02-20|3
1639|82|23|2019-02-04|5
1640|82|21|2017-06-13|9
1641|83|32|2019-01-16|2
1642|83|11|2016-09-29|4
1643|83|3|2017-05-25|3
1644|83|26|2015-04-25|7
1645|83|39|2019-08-23|8
1646|83|23|2015-07-29|0
1647|83|19|2015-02-20|1
1648|83|34|2020-01-17|7
1649|83|22|2019-07-31|8
1650|83|9|2016-02-13|6
1651|83|25|2015-04-19|5
1652|83|9|2015-02-24|3
1653|83|27|2019-03-17|5
1654|83|2|2016-02-10|6
1655|83|33|2018-02-01|2
1656|83|37|2019-10-01|9
1657|83|13|2018-02-21|5
1658|83|31|2019-06-18|5
1659|83|12|2016-09-27|10
1660|83|5|2017-05-22|3
1661|84|13|2016-05-21|4
1662|84|16|2016-10-28|4
1663|84|47|2016-11-06|6
1664|84|40|2019-05-27|9
1665|84|47|2015-01-17|0
1666|84|12|2018-05-07|4
1667|84|19|2016-03-24|1
1668|84|31|2019-05-22|9
1669|84|32|2016-03-13|3
1670|84|4|2016-12-22|10
1671|84|41|2015-05-09|0
1672|84|5|2018-11-12|8
1673|84|41|2017-10-09|3
1674|84|28|2017-11-14|7
1675|84|26|2017-12-23|3
1676|84|4|2016-11-22|8
1677|84|44|2018-05-24|6
1678|84|18|2016-01-07|5
1679|84|32|2017-08-26|0
1680|84|25|2017-09-20|6
1681|85|33|2017-04-12|1
1682|85|21|2016-09-22|4
1683|85|3|2020-01-01|6
1684|85|31|2019-01-10|3
1685|85|25|2019-10-04|7
1686|85|39|2015-06-09|4
1687|85|40|2019-10-03|7
1688|85|43|2015-12-24|9
1689|85|24|2019-06-11|1
1690|85|10|2016-12-12|9
1691|85|23|2015-08-05|4
1692|85|35|2015-12-12|0
1693|85|19|2016-03-17|9
1694|85|29|2017-10-03|9
1695|85|26|2015-10-30|3
1696|85|32|2016-08-23|5
1697|85|29|2015-04-24|5
1698|85|46|2019-06-13|5
1699|85|12|2018-11-11|3
1700|85|28|2019-05-16|1
1701|86|27|2019-02-16|3
1702|86|39|2017-12-02|10
1703|86|38|2018-11-12|4
1704|86|36|2016-07-29|10
1705|86|39|2016-10-23|5
1706|86|14|2016-04-12|0
1707|86|33|2019-09-05|0
1708|86|37|2019-10-30|3
1709|86|22|2019-01-14|9
1710|86|40|2019-11-10|1
1711|86|14|2019-08-10|0
1712|86|45|2016-04-16|5
1713|86|45|2017-04-13|6
1714|86|25|2019-05-22|6
1715|86|25|2017-01-29|7
1716|86|14|2019-03-07|5
1717|86|45|2018-03-04|1
1718|86|16|2017-10-13|6
1719|86|1|2015-12-23|6
1720|86|35|2019-07-08|0
1721|87|23|2016-03-31|7
1722|87|33|2017-07-20|0
1723|87|46|2017-08-21|3
1724|87|16|2018-01-31|1
1725|87|33|2015-10-07|8
1726|87|23|2017-03-26|5
1727|87|25|2019-07-15|5
1728|87|37|2015-11-14|9
1729|87|29|2019-02-01|3
1730|87|1|2018-01-08|1
1731|87|3|2015-12-11|4
1732|87|3|2017-05-01|10
1733|87|27|2016-12-11|6
1734|87|28|2015-07-24|4
1735|87|24|2019-05-29|0
1736|87|2|2019-11-09|4
1737|87|47|2019-09-29|1
1738|87|11|2016-07-13|8
1739|87|18|2016-12-13|1
1740|87|28|2019-04-28|5
1741|88|9|2016-12-26|6
1742|88|20|2018-04-25|5
1743|88|5|2017-06-11|6
1744|88|4|2018-08-10|10
1745|88|6|2018-05-28|4
1746|88|4|2019-05-01|8
1747|88|44|2015-06-09|4
1748|88|41|2019-09-08|3
1749|88|18|2019-10-31|5
1750|88|5|2015-05-14|7
1751|88|30|2016-09-28|5
1752|88|23|2016-03-12|1
1753|88|49|2018-04-26|7
1754|88|10|2015-02-02|3
1755|88|31|2016-03-14|8
1756|88|21|2015-02-21|6
1757|88|28|2018-03-05|0
1758|88|49|2019-10-24|0
1759|88|31|2018-04-05|4
1760|88|41|2019-12-27|6
1761|89|19|2016-01-13|7
1762|89|2|2015-07-03|3
1763|89|22|2019-03-04|10
1764|89|41|2019-02-02|4
1765|89|38|2015-06-16|1
1766|89|23|2018-12-24|6
1767|89|5|2018-06-02|6
1768|89|42|2016-07-21|3
1769|89|1|2015-09-08|8
1770|89|40|2015-06-04|1
1771|89|11|2019-09-30|7
1772|89|16|2019-12-11|5
1773|89|19|2016-09-16|10
1774|89|43|2017-03-02|9
1775|89|39|2016-03-12|7
1776|89|18|2018-08-02|9
1777|89|42|2015-04-24|0
1778|89|19|2019-04-13|1
1779|89|41|2018-10-19|6
1780|89|42|2018-02-09|0
1781|90|42|2017-12-01|3
1782|90|49|2018-08-09|1
1783|90|11|2016-10-09|4
1784|90|38|2019-10-18|9
1785|90|9|2020-01-16|4
1786|90|4|2018-07-16|5
1787|90|34|2018-03-09|9
1788|90|10|2018-02-07|5
1789|90|37|2017-01-21|6
1790|90|30|2017-10-10|0
1791|90|14|2018-11-30|6
1792|90|32|2015-06-05|5
1793|90|9|2018-05-30|4
1794|90|6|2018-12-15|8
1795|90|3|2015-05-06|1
1796|90|34|2019-11-12|7
1797|90|8|2015-02-17|7
1798|90|32|2016-12-05|0
1799|90|41|2019-04-03|10
1800|90|22|2015-01-01|8
1801|91|26|2016-03-25|0
1802|91|40|2019-01-10|3
1803|91|7|2017-06-21|9
1804|91|30|2016-06-16|10
1805|91|35|2018-11-09|10
1806|91|48|2017-09-18|6
1807|91|38|2017-10-29|8
1808|91|40|2018-08-24|4
1809|91|33|2019-02-04|4
1810|91|18|2015-02-24|4
1811|91|26|2018-03-31|6
1812|91|23|2016-06-13|9
1813|91|29|2017-08-15|8
1814|91|18|2017-08-26|10
1815|91|12|2017-03-13|0
1816|91|1|2018-05-24|5
1817|91|46|2016-12-20|7
1818|91|19|2018-12-23|10
1819|91|36|2018-11-18|4
1820|91|10|2016-06-22|3
1821|92|19|2017-09-10|2
1822|92|6|2018-04-29|0
1823|92|48|2017-07-14|9
1824|92|29|2017-04-17|4
1825|92|1|2015-06-26|0
1826|92|49|2017-09-30|7
1827|92|43|2019-03-19|7
1828|92|42|2017-04-27|9
1829|92|21|2018-11-11|1
1830|92|6|2019-02-25|10
1831|92|17|2018-12-07|3
1832|92|47|2016-10-25|7
1833|92|38|2017-07-09|1
1834|92|9|2019-04-10|3
1835|92|49|2019-07-03|10
1836|92|26|2018-06-13|7
1837|92|16|2017-04-05|4
1838|92|14|2015-03-28|5
1839|92|6|2019-04-23|2
1840|92|40|2018-09-12|8
1841|93|42|2016-05-14|6
1842|93|41|2019-04-08|10
1843|93|15|2020-01-19|3
1844|93|20|2019-04-27|4
1845|93|40|2020-01-06|4
1846|93|45|2015-05-02|2
1847|93|43|2019-04-09|2
1848|93|3|2018-09-01|1
1849|93|21|2015-02-14|10
1850|93|32|2017-02-10|6
1851|93|42|2019-07-30|8
1852|93|30|2018-11-24|0
1853|93|36|2015-08-03|7
1854|93|26|2017-06-26|6
1855|93|25|2018-09-07|4
1856|93|18|2016-12-04|2
1857|93|34|2016-12-15|3
1858|93|43|2015-11-24|4
1859|93|11|2018-09-28|9
1860|93|35|2019-01-29|4
1861|94|47|2016-10-12|5
1862|94|39|2018-12-04|0
1863|94|38|2018-07-21|9
1864|94|46|2019-07-13|4
1865|94|15|2018-04-10|4
1866|94|3|2017-01-26|4
1867|94|23|2017-06-21|10
1868|94|25|2017-05-16|10
1869|94|18|2018-04-20|6
1870|94|49|2017-06-20|4
1871|94|43|2016-11-04|3
1872|94|9|2016-05-31|2
1873|94|22|2017-10-28|7
1874|94|7|2017-02-09|9
1875|94|21|2018-11-07|8
1876|94|22|2018-10-02|4
1877|94|34|2016-06-13|9
1878|94|26|2017-07-16|4
1879|94|39|2017-08-09|4
1880|94|45|2015-04-13|6
1881|95|34|2020-01-17|0
1882|95|2|2018-04-28|9
1883|95|27|2017-09-04|3
1884|95|8|2018-10-17|8
1885|95|25|2015-11-13|8
1886|95|10|2018-07-10|6
1887|95|15|2016-03-07|1
1888|95|47|2019-06-21|1
1889|95|35|2015-03-09|6
1890|95|29|2015-12-31|9
1891|95|3|2018-01-13|0
1892|95|10|2015-08-01|2
1893|95|47|2015-04-14|0
1894|95|30|2016-10-24|7
1895|95|9|2015-05-12|1
1896|95|20|2018-03-12|6
1897|95|41|2015-03-18|10
1898|95|37|2015-11-25|5
1899|95|3|2018-12-05|5
1900|95|11|2015-11-14|6
1901|96|35|2018-02-01|10
1902|96|35|2018-01-10|9
1903|96|24|2019-01-05|10
1904|96|28|2015-04-25|10
1905|96|36|2019-09-09|1
1906|96|2|2019-06-29|0
1907|96|7|2016-04-16|7
1908|96|32|2018-04-06|8
1909|96|35|2019-07-11|0
1910|96|14|2016-12-12|4
1911|96|9|2017-12-25|2
1912|96|29|2015-07-16|1
1913|96|16|2019-05-26|2
1914|96|8|2015-04-26|6
1915|96|17|2016-06-11|8
1916|96|16|2020-01-15|5
1917|96|41|2018-11-09|6
1918|96|7|2019-04-23|5
1919|96|6|2016-06-02|3
1920|96|41|2015-12-24|2
1921|97|10|2016-01-12|9
1922|97|24|2016-11-28|0
1923|97|44|2016-08-17|0
1924|97|41|2017-10-16|1
1925|97|24|2016-08-09|5
1926|97|18|2018-10-04|7
1927|97|35|2017-02-20|9
1928|97|48|2017-12-25|9
1929|97|35|2020-01-30|0
1930|97|29|2016-04-29|4
1931|97|39|2015-02-06|7
1932|97|24|2019-01-29|9
1933|97|8|2020-01-12|3
1934|97|9|2016-09-19|10
1935|97|46|2017-04-06|0
1936|97|28|2019-07-19|3
1937|97|16|2016-06-23|7
1938|97|21|2017-01-02|9
1939|97|21|2016-06-11|10
1940|97|2|2017-10-08|2
1941|98|49|2015-07-12|1
1942|98|44|2015-11-02|7
1943|98|46|2015-08-18|0
1944|98|22|2016-01-11|9
1945|98|44|2019-03-01|1
1946|98|16|2018-01-28|10
1947|98|36|2017-02-23|10
1948|98|10|2020-01-17|9
1949|98|34|2015-09-18|7
1950|98|28|2015-07-14|3
1951|98|14|2016-09-24|1
1952|98|8|2017-03-04|9
1953|98|14|2020-01-16|9
1954|98|28|2016-09-05|9
1955|98|35|2018-01-01|6
1956|98|3|2019-01-06|6
1957|98|5|2017-06-12|7
1958|98|14|2019-12-30|3
1959|98|2|2018-06-13|8
1960|98|26|2019-04-07|9
1961|99|34|2018-05-18|8
1962|99|11|2019-08-25|10
1963|99|5|2019-11-24|10
1964|99|46|2017-07-23|2
1965|99|40|2016-09-11|2
1966|99|4|2018-12-07|3
1967|99|11|2015-07-08|9
1968|99|47|2018-05-12|3
1969|99|11|2016-06-21|5
1970|99|39|2018-10-18|7
1971|99|43|2015-05-07|9
1972|99|14|2015-12-20|6
1973|99|33|2015-04-14|7
1974|99|5|2016-01-28|1
1975|99|38|2017-09-21|10
1976|99|43|2016-01-15|8
1977|99|16|2018-07-09|6
1978|99|7|2018-07-03|9
1979|99|48|2015-10-06|7
1980|99|49|2017-06-26|10
1981|100|15|2019-06-02|10
1982|100|41|2019-12-04|7
1983|100|48|2016-03-09|1
1984|100|39|2017-12-01|3
1985|100|21|2018-02-23|5
1986|100|46|2015-03-18|5
1987|100|32|2015-08-06|7
1988|100|37|2018-12-29|7
1989|100|42|2018-06-10|3
1990|100|4|2017-12-27|10
1991|100|41|2015-03-30|2
1992|100|1|2015-01-02|6
1993|100|32|2018-02-23|9
1994|100|27|2017-07-13|9
1995|100|47|2018-06-05|2
1996|100|17|2016-01-20|2
1997|100|37|2016-09-06|1
1998|100|2|2017-03-28|5
1999|100|7|2019-01-09|8
2000|100|18|2015-01-28|1
